56684|200
56685|201
56686|202
56687|203
56688|204
56689|205
56690|206
56691|207
56692|208
56693|209
56694|210
56695|211
56696|212
56697|213
56698|214
56699|215
56700|216
56701|217
56702|218
56703|219
56704|220
56705|221
56706|222
56707|223
56708|224
56709|225
56710|226
56711|227
56712|228
56713|229
56714|230
56715|231
56716|232
56717|233
56718|234
56719|235
56720|236
56721|237
56722|238
56723|239
56724|240
56725|241
56726|242
56727|243
56728|244
56729|245
56730|246
56731|247
56732|248
56733|249
56734|250
56735|251
56736|252
56737|253
56738|254
56739|255
56740|256
56741|257
56742|258
56743|259
56744|260
56745|261
56746|262
56747|263
56748|264
56749|265
56750|266
56751|267
56752|268
56753|269
56754|270
56755|271
56756|272
56757|273
56758|274
56759|275
56760|276
56761|277
56762|278
56763|279
56764|280
56765|281
56766|282
56767|283
56768|284
56769|285
56770|286
56771|287
56772|288
56773|289
56774|290
56775|291
56776|292
56777|293
56778|294
56779|295
56780|296
56781|297
56782|298
56783|299
56784|300
56785|301
56786|302
56787|303
56788|304
56789|305
56790|306
56791|307
56792|308
56793|309
56794|310
56795|311
56796|312
56797|313
56798|314
56799|315
56800|316
56801|317
56802|318
56803|319
56804|320
56805|321
56806|322
56807|323
56808|324
56809|325
56810|326
56811|327
56812|328
56813|329
56814|330
56815|331
56816|332
56817|333
56818|334
56819|335
56820|336
56821|337
56822|338
56823|339
56824|340
56825|341
56826|342
56827|343
56828|344
56829|345
56830|346
56831|347
56832|348
56833|349
56834|350
56835|351
56836|352
56837|353
56838|354
56839|355
56840|356
56841|357
56842|358
56843|359
56844|360
56845|361
56846|362
56847|363
56848|364
56849|365
56850|366
56851|367
56852|368
56853|369
56854|370
56855|371
56856|372
56857|373
56858|374
56859|375
56860|376
56861|377
56862|378
56863|379
56864|380
56865|381
56866|382
56867|383
56868|384
56869|385
56870|386
56871|387
56872|388
56873|389
56874|390
56875|391
56876|392
56877|393
56878|394
56879|395
56880|396
56881|397
56882|398
56883|399
56884|400
56885|401
56886|402
56887|403
56888|404
56889|405
56890|406
56891|407
56892|408
56893|409
56894|410
56895|411
56896|412
56897|413
56898|414
56899|415
56900|416
56901|417
56902|418
56903|419
56904|420
56905|421
56906|422
56907|423
56908|424
56909|425
56910|426
56911|427
56912|428
56913|429
56914|430
56915|431
56916|432
56917|433
56918|434
56919|435
56920|436
56921|437
56922|438
56923|439
56924|440
56925|441
56926|442
56927|443
56928|444
56929|445
56930|446
56931|447
56932|448
56933|449
56934|450
56935|451
56936|452
56937|453
56938|454
56939|455
56940|456
56941|457
56942|458
56943|459
56944|460
56945|461
56946|462
56947|463
56948|464
56949|465
56950|466
56951|467
56952|468
56953|469
56954|470
56955|471
56956|472
56957|473
56958|474
56959|475
56960|476
56961|477
56962|478
56963|479
56964|480
56965|481
56966|482
56967|483
56968|484
56969|485
56970|486
56971|487
56972|488
56973|489
56974|490
56975|491
56976|492
56977|493
56978|494
56979|495
56980|496
56981|497
56982|498
56983|499
56984|500
56985|501
56986|502
56987|503
56988|504
56989|505
56990|506
56991|507
56992|508
56993|509
56994|510
56995|511
56996|512
56997|513
56998|514
56999|515
57000|516
57001|517
57002|518
57003|519
57004|520
57005|521
57006|522
57007|523
57008|524
57009|525
57010|526
57011|527
57012|528
57013|529
57014|530
57015|531
57016|532
57017|533
57018|534
57019|535
57020|536
57021|537
57022|538
57023|539
57024|540
57025|541
57026|542
57027|543
57028|544
57029|545
57030|546
57031|547
57032|548
57033|549
57034|550
57035|551
57036|552
57037|553
57038|554
57039|555
57040|556
57041|557
57042|558
57043|559
57044|560
57045|561
57046|562
57047|563
57048|564
57049|565
57050|566
57051|567
57052|568
57053|569
57054|570
57055|571
57056|572
57057|573
57058|574
57059|575
57060|576
57061|577
57062|578
57063|579
57064|580
57065|581
57066|582
57067|583
57068|584
57069|585
57070|586
57071|587
57072|588
57073|589
57074|590
57075|591
57076|592
57077|593
57078|594
57079|595
57080|596
57081|597
57082|598
57083|599
57084|600
57085|601
57086|602
57087|603
57088|604
57089|605
57090|606
57091|607
57092|608
57093|609
57094|610
57095|611
57096|612
57097|613
57098|614
57099|615
57100|616
57101|617
57102|618
57103|619
57104|620
57105|621
57106|622
57107|623
57108|624
57109|625
57110|626
57111|627
57112|628
57113|629
57114|630
57115|631
57116|632
57117|633
57118|634
57119|635
57120|636
57121|637
57122|638
57123|639
57124|640
57125|641
57126|642
57127|643
57128|644
57129|645
57130|646
57131|647
57132|648
57133|649
57134|650
57135|651
57136|652
57137|653
57138|654
57139|655
57140|656
57141|657
57142|658
57143|659
57144|660
57145|661
57146|662
57147|663
57148|664
57149|665
57150|666
57151|667
57152|668
57153|669
57154|670
57155|671
57156|672
57157|673
57158|674
57159|675
57160|676
57161|677
57162|678
57163|679
57164|680
57165|681
57166|682
57167|683
57168|684
57169|685
57170|686
57171|687
57172|688
57173|689
57174|690
57175|691
57176|692
57177|693
57178|694
57179|695
57180|696
57181|697
57182|698
57183|699
57184|700
57185|701
57186|702
57187|703
57188|704
57189|705
57190|706
57191|707
57192|708
57193|709
57194|710
57195|711
57196|712
57197|713
57198|714
57199|715
57200|716
57201|717
57202|718
57203|719
57204|720
57205|721
57206|722
57207|723
57208|724
57209|725
57210|726
57211|727
57212|728
57213|729
57214|730
57215|731
57216|732
57217|733
57218|734
57219|735
57220|736
57221|737
57222|738
57223|739
57224|740
57225|741
57226|742
57227|743
57228|744
57229|745
57230|746
57231|747
57232|748
57233|749
57234|750
57235|751
57236|752
57237|753
57238|754
57239|755
57240|756
57241|757
57242|758
57243|759
57244|760
57245|761
57246|762
57247|763
57248|764
57249|765
57250|766
57251|767
57252|768
57253|769
57254|770
57255|771
57256|772
57257|773
57258|774
57259|775
57260|776
57261|777
57262|778
57263|779
57264|780
57265|781
57266|782
57267|783
57268|784
57269|785
57270|786
57271|787
57272|788
57273|789
57274|790
57275|791
57276|792
57277|793
57278|794
57279|795
57280|796
57281|797
57282|798
57283|799
57284|800
57285|801
57286|802
57287|803
57288|804
57289|805
57290|806
57291|807
57292|808
57293|809
57294|810
57295|811
57296|812
57297|813
57298|814
57299|815
57300|816
57301|817
57302|818
57303|819
57304|820
57305|821
57306|822
57307|823
57308|824
57309|825
57310|826
57311|827
57312|828
57313|829
57314|830
57315|831
57316|832
57317|833
57318|834
57319|835
57320|836
57321|837
57322|838
57323|839
57324|840
57325|841
57326|842
57327|843
57328|844
57329|845
57330|846
57331|847
57332|848
57333|849
57334|850
57335|851
57336|852
57337|853
57338|854
57339|855
57340|856
57341|857
57342|858
57343|859
57344|860
57345|861
57346|862
57347|863
57348|864
57349|865
57350|866
57351|867
57352|868
57353|869
57354|870
57355|871
57356|872
57357|873
57358|874
57359|875
57360|876
57361|877
57362|878
57363|879
57364|880
57365|881
57366|882
57367|883
57368|884
57369|885
57370|886
57371|887
57372|888
57373|889
57374|890
57375|891
57376|892
57377|893
57378|894
57379|895
57380|896
57381|897
57382|898
57383|899
57384|900
57385|901
57386|902
57387|903
57388|904
57389|905
57390|906
57391|907
57392|908
57393|909
57394|910
57395|911
57396|912
57397|913
57398|914
57399|915
57400|916
57401|917
57402|918
57403|919
57404|920
57405|921
57406|922
57407|923
57408|924
57409|925
57410|926
57411|927
57412|928
57413|929
57414|930
57415|931
57416|932
57417|933
57418|934
57419|935
57420|936
57421|937
57422|938
57423|939
57424|940
57425|941
57426|942
57427|943
57428|944
57429|945
57430|946
57431|947
57432|948
57433|949
57434|950
57435|951
57436|952
57437|953
57438|954
57439|955
57440|956
57441|957
57442|958
57443|959
57444|960
57445|961
57446|962
57447|963
57448|964
57449|965
57450|966
57451|967
57452|968
57453|969
57454|970
57455|971
57456|972
57457|973
57458|974
57459|975
57460|976
57461|977
57462|978
57463|979
57464|980
57465|981
57466|982
57467|983
57468|984
57469|985
57470|986
57471|987
57472|988
57473|989
57474|990
57475|991
57476|992
57477|993
57478|994
57479|995
57480|996
57481|997
57482|998
57483|999
57484|1000
57485|1001
57486|1002
57487|1003
57488|1004
57489|1005
57490|1006
57491|1007
57492|1008
57493|1009
57494|1010
57495|1011
57496|1012
57497|1013
57498|1014
57499|1015
57500|1016
57501|1017
57502|1018
57503|1019
57504|1020
57505|1021
57506|1022
57507|1023
57508|1024
57509|1025
57510|1026
57511|1027
57512|1028
57513|1029
57514|1030
57515|1031
57516|1032
57517|1033
57518|1034
57519|1035
57520|1036
57521|1037
57522|1038
57523|1039
57524|1040
57525|1041
57526|1042
57527|1043
57528|1044
57529|1045
57530|1046
57531|1047
57532|1048
57533|1049
57534|1050
57535|1051
57536|1052
57537|1053
57538|1054
57539|1055
57540|1056
57541|1057
57542|1058
57543|1059
57544|1060
57545|1061
57546|1062
57547|1063
57548|1064
57549|1065
57550|1066
57551|1067
57552|1068
57553|1069
57554|1070
57555|1071
57556|1072
57557|1073
57558|1074
57559|1075
57560|1076
57561|1077
57562|1078
57563|1079
57564|1080
57565|1081
57566|1082
57567|1083
57568|1084
57569|1085
57570|1086
57571|1087
57572|1088
57573|1089
57574|1090
57575|1091
57576|1092
57577|1093
57578|1094
57579|1095
57580|1096
57581|1097
57582|1098
57583|1099
57584|1100
57585|1101
57586|1102
57587|1103
57588|1104
57589|1105
57590|1106
57591|1107
57592|1108
57593|1109
57594|1110
57595|1111
57596|1112
57597|1113
57598|1114
57599|1115
57600|1116
57601|1117
57602|1118
57603|1119
57604|1120
57605|1121
57606|1122
57607|1123
57608|1124
57609|1125
57610|1126
57611|1127
57612|1128
57613|1129
57614|1130
57615|1131
57616|1132
57617|1133
57618|1134
57619|1135
57620|1136
57621|1137
57622|1138
57623|1139
57624|1140
57625|1141
57626|1142
57627|1143
57628|1144
57629|1145
57630|1146
57631|1147
57632|1148
57633|1149
57634|1150
57635|1151
57636|1152
57637|1153
57638|1154
57639|1155
57640|1156
57641|1157
57642|1158
57643|1159
57644|1160
57645|1161
57646|1162
57647|1163
57648|1164
57649|1165
57650|1166
57651|1167
57652|1168
57653|1169
57654|1170
57655|1171
57656|1172
57657|1173
57658|1174
57659|1175
57660|1176
57661|1177
57662|1178
57663|1179
57664|1180
57665|1181
57666|1182
57667|1183
57668|1184
57669|1185
57670|1186
57671|1187
57672|1188
57673|1189
57674|1190
57675|1191
57676|1192
57677|1193
57678|1194
57679|1195
57680|1196
57681|1197
57682|1198
57683|1199
57684|1200
57685|1201
57686|1202
57687|1203
57688|1204
57689|1205
57690|1206
57691|1207
57692|1208
57693|1209
57694|1210
57695|1211
57696|1212
57697|1213
57698|1214
57699|1215
57700|1216
57701|1217
57702|1218
57703|1219
57704|1220
57705|1221
57706|1222
57707|1223
57708|1224
57709|1225
57710|1226
57711|1227
57712|1228
57713|1229
57714|1230
57715|1231
57716|1232
57717|1233
57718|1234
57719|1235
57720|1236
57721|1237
57722|1238
57723|1239
57724|1240
57725|1241
57726|1242
57727|1243
57728|1244
57729|1245
57730|1246
57731|1247
57732|1248
57733|1249
57734|1250
57735|1251
57736|1252
57737|1253
57738|1254
57739|1255
57740|1256
57741|1257
57742|1258
57743|1259
57744|1260
57745|1261
57746|1262
57747|1263
57748|1264
57749|1265
57750|1266
57751|1267
57752|1268
57753|1269
57754|1270
57755|1271
57756|1272
57757|1273
57758|1274
57759|1275
57760|1276
57761|1277
57762|1278
57763|1279
57764|1280
57765|1281
57766|1282
57767|1283
57768|1284
57769|1285
57770|1286
57771|1287
57772|1288
57773|1289
57774|1290
57775|1291
57776|1292
57777|1293
57778|1294
57779|1295
57780|1296
57781|1297
57782|1298
57783|1299
57784|1300
57785|1301
57786|1302
57787|1303
57788|1304
57789|1305
57790|1306
57791|1307
57792|1308
57793|1309
57794|1310
57795|1311
57796|1312
57797|1313
57798|1314
57799|1315
57800|1316
57801|1317
57802|1318
57803|1319
57804|1320
57805|1321
57806|1322
57807|1323
57808|1324
57809|1325
57810|1326
57811|1327
57812|1328
57813|1329
57814|1330
57815|1331
57816|1332
57817|1333
57818|1334
57819|1335
57820|1336
57821|1337
57822|1338
57823|1339
57824|1340
57825|1341
57826|1342
57827|1343
57828|1344
57829|1345
57830|1346
57831|1347
57832|1348
57833|1349
57834|1350
57835|1351
57836|1352
57837|1353
57838|1354
57839|1355
57840|1356
57841|1357
57842|1358
57843|1359
57844|1360
57845|1361
57846|1362
57847|1363
57848|1364
57849|1365
57850|1366
57851|1367
57852|1368
57853|1369
57854|1370
57855|1371
57856|1372
57857|1373
57858|1374
57859|1375
57860|1376
57861|1377
57862|1378
57863|1379
57864|1380
57865|1381
57866|1382
57867|1383
57868|1384
57869|1385
57870|1386
57871|1387
57872|1388
57873|1389
57874|1390
57875|1391
57876|1392
57877|1393
57878|1394
57879|1395
57880|1396
57881|1397
57882|1398
57883|1399
57884|1400
57885|1401
57886|1402
57887|1403
57888|1404
57889|1405
57890|1406
57891|1407
57892|1408
57893|1409
57894|1410
57895|1411
57896|1412
57897|1413
57898|1414
57899|1415
57900|1416
57901|1417
57902|1418
57903|1419
57904|1420
57905|1421
57906|1422
57907|1423
57908|1424
57909|1425
57910|1426
57911|1427
57912|1428
57913|1429
57914|1430
57915|1431
57916|1432
57917|1433
57918|1434
57919|1435
57920|1436
57921|1437
57922|1438
57923|1439
57924|1440
57925|1441
57926|1442
57927|1443
57928|1444
57929|1445
57930|1446
57931|1447
57932|1448
57933|1449
57934|1450
57935|1451
57936|1452
57937|1453
57938|1454
57939|1455
57940|1456
57941|1457
57942|1458
57943|1459
57944|1460
57945|1461
57946|1462
57947|1463
57948|1464
57949|1465
57950|1466
57951|1467
57952|1468
57953|1469
57954|1470
57955|1471
57956|1472
57957|1473
57958|1474
57959|1475
57960|1476
57961|1477
57962|1478
57963|1479
57964|1480
57965|1481
57966|1482
57967|1483
57968|1484
57969|1485
57970|1486
57971|1487
57972|1488
57973|1489
57974|1490
57975|1491
57976|1492
57977|1493
57978|1494
57979|1495
57980|1496
57981|1497
57982|1498
57983|1499
57984|1500
57985|1501
57986|1502
57987|1503
57988|1504
57989|1505
57990|1506
57991|1507
57992|1508
57993|1509
57994|1510
57995|1511
57996|1512
57997|1513
57998|1514
57999|1515
58000|1516
58001|1517
58002|1518
58003|1519
58004|1520
58005|1521
58006|1522
58007|1523
58008|1524
58009|1525
58010|1526
58011|1527
58012|1528
58013|1529
58014|1530
58015|1531
58016|1532
58017|1533
58018|1534
58019|1535
58020|1536
58021|1537
58022|1538
58023|1539
58024|1540
58025|1541
58026|1542
58027|1543
58028|1544
58029|1545
58030|1546
58031|1547
58032|1548
58033|1549
58034|1550
58035|1551
58036|1552
58037|1553
58038|1554
58039|1555
58040|1556
58041|1557
58042|1558
58043|1559
58044|1560
58045|1561
58046|1562
58047|1563
58048|1564
58049|1565
58050|1566
58051|1567
58052|1568
58053|1569
58054|1570
58055|1571
58056|1572
58057|1573
58058|1574
58059|1575
58060|1576
58061|1577
58062|1578
58063|1579
58064|1580
58065|1581
58066|1582
58067|1583
58068|1584
58069|1585
58070|1586
58071|1587
58072|1588
58073|1589
58074|1590
58075|1591
58076|1592
58077|1593
58078|1594
58079|1595
58080|1596
58081|1597
58082|1598
58083|1599
58084|1600
58085|1601
58086|1602
58087|1603
58088|1604
58089|1605
58090|1606
58091|1607
58092|1608
58093|1609
58094|1610
58095|1611
58096|1612
58097|1613
58098|1614
58099|1615
58100|1616
58101|1617
58102|1618
58103|1619
58104|1620
58105|1621
58106|1622
58107|1623
58108|1624
58109|1625
58110|1626
58111|1627
58112|1628
58113|1629
58114|1630
58115|1631
58116|1632
58117|1633
58118|1634
58119|1635
58120|1636
58121|1637
58122|1638
58123|1639
58124|1640
58125|1641
58126|1642
58127|1643
58128|1644
58129|1645
58130|1646
58131|1647
58132|1648
58133|1649
58134|1650
58135|1651
58136|1652
58137|1653
58138|1654
58139|1655
58140|1656
58141|1657
58142|1658
58143|1659
58144|1660
58145|1661
58146|1662
58147|1663
58148|1664
58149|1665
58150|1666
58151|1667
58152|1668
58153|1669
58154|1670
58155|1671
58156|1672
58157|1673
58158|1674
58159|1675
58160|1676
58161|1677
58162|1678
58163|1679
58164|1680
58165|1681
58166|1682
58167|1683
58168|1684
58169|1685
58170|1686
58171|1687
58172|1688
58173|1689
58174|1690
58175|1691
58176|1692
58177|1693
58178|1694
58179|1695
58180|1696
58181|1697
58182|1698
58183|1699
58184|1700
58185|1701
58186|1702
58187|1703
58188|1704
58189|1705
58190|1706
58191|1707
58192|1708
58193|1709
58194|1710
58195|1711
58196|1712
58197|1713
58198|1714
58199|1715
58200|1716
58201|1717
58202|1718
58203|1719
58204|1720
58205|1721
58206|1722
58207|1723
58208|1724
58209|1725
58210|1726
58211|1727
58212|1728
58213|1729
58214|1730
58215|1731
58216|1732
58217|1733
58218|1734
58219|1735
58220|1736
58221|1737
58222|1738
58223|1739
58224|1740
58225|1741
58226|1742
58227|1743
58228|1744
58229|1745
58230|1746
58231|1747
58232|1748
58233|1749
58234|1750
58235|1751
58236|1752
58237|1753
58238|1754
58239|1755
58240|1756
58241|1757
58242|1758
58243|1759
58244|1760
58245|1761
58246|1762
58247|1763
58248|1764
58249|1765
58250|1766
58251|1767
58252|1768
58253|1769
58254|1770
58255|1771
58256|1772
58257|1773
58258|1774
58259|1775
58260|1776
58261|1777
58262|1778
58263|1779
58264|1780
58265|1781
58266|1782
58267|1783
58268|1784
58269|1785
58270|1786
58271|1787
58272|1788
58273|1789
58274|1790
58275|1791
58276|1792
58277|1793
58278|1794
58279|1795
58280|1796
58281|1797
58282|1798
58283|1799
58284|1800
58285|1801
58286|1802
58287|1803
58288|1804
58289|1805
58290|1806
58291|1807
58292|1808
58293|1809
58294|1810
58295|1811
58296|1812
58297|1813
58298|1814
58299|1815
58300|1816
58301|1817
58302|1818
58303|1819
58304|1820
58305|1821
58306|1822
58307|1823
58308|1824
58309|1825
58310|1826
58311|1827
58312|1828
58313|1829
58314|1830
58315|1831
58316|1832
58317|1833
58318|1834
58319|1835
58320|1836
58321|1837
58322|1838
58323|1839
58324|1840
58325|1841
58326|1842
58327|1843
58328|1844
58329|1845
58330|1846
58331|1847
58332|1848
58333|1849
58334|1850
58335|1851
58336|1852
58337|1853
58338|1854
58339|1855
58340|1856
58341|1857
58342|1858
58343|1859
58344|1860
58345|1861
58346|1862
58347|1863
58348|1864
58349|1865
58350|1866
58351|1867
58352|1868
58353|1869
58354|1870
58355|1871
58356|1872
58357|1873
58358|1874
58359|1875
58360|1876
58361|1877
58362|1878
58363|1879
58364|1880
58365|1881
58366|1882
58367|1883
58368|1884
58369|1885
58370|1886
58371|1887
58372|1888
58373|1889
58374|1890
58375|1891
58376|1892
58377|1893
58378|1894
58379|1895
58380|1896
58381|1897
58382|1898
58383|1899
58384|1900
58385|1901
58386|1902
58387|1903
58388|1904
58389|1905
58390|1906
58391|1907
58392|1908
58393|1909
58394|1910
58395|1911
58396|1912
58397|1913
58398|1914
58399|1915
58400|1916
58401|1917
58402|1918
58403|1919
58404|1920
58405|1921
58406|1922
58407|1923
58408|1924
58409|1925
58410|1926
58411|1927
58412|1928
58413|1929
58414|1930
58415|1931
58416|1932
58417|1933
58418|1934
58419|1935
58420|1936
58421|1937
58422|1938
58423|1939
58424|1940
58425|1941
58426|1942
58427|1943
58428|1944
58429|1945
58430|1946
58431|1947
58432|1948
58433|1949
58434|1950
58435|1951
58436|1952
58437|1953
58438|1954
58439|1955
58440|1956
58441|1957
58442|1958
58443|1959
58444|1960
58445|1961
58446|1962
58447|1963
58448|1964
58449|1965
58450|1966
58451|1967
58452|1968
58453|1969
58454|1970
58455|1971
58456|1972
58457|1973
58458|1974
58459|1975
58460|1976
58461|1977
58462|1978
58463|1979
58464|1980
58465|1981
58466|1982
58467|1983
58468|1984
58469|1985
58470|1986
58471|1987
58472|1988
58473|1989
58474|1990
58475|1991
58476|1992
58477|1993
58478|1994
58479|1995
58480|1996
58481|1997
58482|1998
58483|1999
58484|2000
58485|2001
58486|2002
58487|2003
58488|2004
58489|2005
58490|2006
58491|2007
58492|2008
58493|2009
58494|2010
58495|2011
58496|2012
58497|2013
58498|2014
58499|2015
58500|2016
58501|2017
58502|2018
58503|2019
58504|2020
58505|2021
58506|2022
58507|2023
58508|2024
58509|2025
58510|2026
58511|2027
58512|2028
58513|2029
58514|2030
58515|2031
58516|2032
58517|2033
58518|2034
58519|2035
58520|2036
58521|2037
58522|2038
58523|2039
58524|2040
58525|2041
58526|2042
58527|2043
58528|2044
58529|2045
58530|2046
58531|2047
58532|2048
58533|2049
58534|2050
58535|2051
58536|2052
58537|2053
58538|2054
58539|2055
58540|2056
58541|2057
58542|2058
58543|2059
58544|2060
58545|2061
58546|2062
58547|2063
58548|2064
58549|2065
58550|2066
58551|2067
58552|2068
58553|2069
58554|2070
58555|2071
58556|2072
58557|2073
58558|2074
58559|2075
58560|2076
58561|2077
58562|2078
58563|2079
58564|2080
58565|2081
58566|2082
58567|2083
58568|2084
58569|2085
58570|2086
58571|2087
58572|2088
58573|2089
58574|2090
58575|2091
58576|2092
58577|2093
58578|2094
58579|2095
58580|2096
58581|2097
58582|2098
58583|2099
58584|2100
58585|2101
58586|2102
58587|2103
58588|2104
58589|2105
58590|2106
58591|2107
58592|2108
58593|2109
58594|2110
58595|2111
58596|2112
58597|2113
58598|2114
58599|2115
58600|2116
58601|2117
58602|2118
58603|2119
58604|2120
58605|2121
58606|2122
58607|2123
58608|2124
58609|2125
58610|2126
58611|2127
58612|2128
58613|2129
58614|2130
58615|2131
58616|2132
58617|2133
58618|2134
58619|2135
58620|2136
58621|2137
58622|2138
58623|2139
58624|2140
58625|2141
58626|2142
58627|2143
58628|2144
58629|2145
58630|2146
58631|2147
58632|2148
58633|2149
58634|2150
58635|2151
58636|2152
58637|2153
58638|2154
58639|2155
58640|2156
58641|2157
58642|2158
58643|2159
58644|2160
58645|2161
58646|2162
58647|2163
58648|2164
58649|2165
58650|2166
58651|2167
58652|2168
58653|2169
58654|2170
58655|2171
58656|2172
58657|2173
58658|2174
58659|2175
58660|2176
58661|2177
58662|2178
58663|2179
58664|2180
58665|2181
58666|2182
58667|2183
58668|2184
58669|2185
58670|2186
58671|2187
58672|2188
58673|2189
58674|2190
58675|2191
58676|2192
58677|2193
58678|2194
58679|2195
58680|2196
58681|2197
58682|2198
58683|2199
58684|2200
58685|2201
58686|2202
58687|2203
58688|2204
58689|2205
58690|2206
58691|2207
58692|2208
58693|2209
58694|2210
58695|2211
58696|2212
58697|2213
58698|2214
58699|2215
58700|2216
58701|2217
58702|2218
58703|2219
58704|2220
58705|2221
58706|2222
58707|2223
58708|2224
58709|2225
58710|2226
58711|2227
58712|2228
58713|2229
58714|2230
58715|2231
58716|2232
58717|2233
58718|2234
58719|2235
58720|2236
58721|2237
58722|2238
58723|2239
58724|2240
58725|2241
58726|2242
58727|2243
58728|2244
58729|2245
58730|2246
58731|2247
58732|2248
58733|2249
58734|2250
58735|2251
58736|2252
58737|2253
58738|2254
58739|2255
58740|2256
58741|2257
58742|2258
58743|2259
58744|2260
58745|2261
58746|2262
58747|2263
58748|2264
58749|2265
58750|2266
58751|2267
58752|2268
58753|2269
58754|2270
58755|2271
58756|2272
58757|2273
58758|2274
58759|2275
58760|2276
58761|2277
58762|2278
58763|2279
58764|2280
58765|2281
58766|2282
58767|2283
58768|2284
58769|2285
58770|2286
58771|2287
58772|2288
58773|2289
58774|2290
58775|2291
58776|2292
58777|2293
58778|2294
58779|2295
58780|2296
58781|2297
58782|2298
58783|2299
58784|2300
58785|2301
58786|2302
58787|2303
58788|2304
58789|2305
58790|2306
58791|2307
58792|2308
58793|2309
58794|2310
58795|2311
58796|2312
58797|2313
58798|2314
58799|2315
58800|2316
58801|2317
58802|2318
58803|2319
58804|2320
58805|2321
58806|2322
58807|2323
58808|2324
58809|2325
58810|2326
58811|2327
58812|2328
58813|2329
58814|2330
58815|2331
58816|2332
58817|2333
58818|2334
58819|2335
58820|2336
58821|2337
58822|2338
58823|2339
58824|2340
58825|2341
58826|2342
58827|2343
58828|2344
58829|2345
58830|2346
58831|2347
58832|2348
58833|2349
58834|2350
58835|2351
58836|2352
58837|2353
58838|2354
58839|2355
58840|2356
58841|2357
58842|2358
58843|2359
58844|2360
58845|2361
58846|2362
58847|2363
58848|2364
58849|2365
58850|2366
58851|2367
58852|2368
58853|2369
58854|2370
58855|2371
58856|2372
58857|2373
58858|2374
58859|2375
58860|2376
58861|2377
58862|2378
58863|2379
58864|2380
58865|2381
58866|2382
58867|2383
58868|2384
58869|2385
58870|2386
58871|2387
58872|2388
58873|2389
58874|2390
58875|2391
58876|2392
58877|2393
58878|2394
58879|2395
58880|2396
58881|2397
58882|2398
58883|2399
58884|2400
58885|2401
58886|2402
58887|2403
58888|2404
58889|2405
58890|2406
58891|2407
58892|2408
58893|2409
58894|2410
58895|2411
58896|2412
58897|2413
58898|2414
58899|2415
58900|2416
58901|2417
58902|2418
58903|2419
58904|2420
58905|2421
58906|2422
58907|2423
58908|2424
58909|2425
58910|2426
58911|2427
58912|2428
58913|2429
58914|2430
58915|2431
58916|2432
58917|2433
58918|2434
58919|2435
58920|2436
58921|2437
58922|2438
58923|2439
58924|2440
58925|2441
58926|2442
58927|2443
58928|2444
58929|2445
58930|2446
58931|2447
58932|2448
58933|2449
58934|2450
58935|2451
58936|2452
58937|2453
58938|2454
58939|2455
58940|2456
58941|2457
58942|2458
58943|2459
58944|2460
58945|2461
58946|2462
58947|2463
58948|2464
58949|2465
58950|2466
58951|2467
58952|2468
58953|2469
58954|2470
58955|2471
58956|2472
58957|2473
58958|2474
58959|2475
58960|2476
58961|2477
58962|2478
58963|2479
58964|2480
58965|2481
58966|2482
58967|2483
58968|2484
58969|2485
58970|2486
58971|2487
58972|2488
58973|2489
58974|2490
58975|2491
58976|2492
58977|2493
58978|2494
58979|2495
58980|2496
58981|2497
58982|2498
58983|2499
58984|2500
58985|2501
58986|2502
58987|2503
58988|2504
58989|2505
58990|2506
58991|2507
58992|2508
58993|2509
58994|2510
58995|2511
58996|2512
58997|2513
58998|2514
58999|2515
59000|2516
59001|2517
59002|2518
59003|2519
59004|2520
59005|2521
59006|2522
59007|2523
59008|2524
59009|2525
59010|2526
59011|2527
59012|2528
59013|2529
59014|2530
59015|2531
59016|2532
59017|2533
59018|2534
59019|2535
59020|2536
59021|2537
59022|2538
59023|2539
59024|2540
59025|2541
59026|2542
59027|2543
59028|2544
59029|2545
59030|2546
59031|2547
59032|2548
59033|2549
59034|2550
59035|2551
59036|2552
59037|2553
59038|2554
59039|2555
59040|2556
59041|2557
59042|2558
59043|2559
59044|2560
59045|2561
59046|2562
59047|2563
59048|2564
59049|2565
59050|2566
59051|2567
59052|2568
59053|2569
59054|2570
59055|2571
59056|2572
59057|2573
59058|2574
59059|2575
59060|2576
59061|2577
59062|2578
59063|2579
59064|2580
59065|2581
59066|2582
59067|2583
59068|2584
59069|2585
59070|2586
59071|2587
59072|2588
59073|2589
59074|2590
59075|2591
59076|2592
59077|2593
59078|2594
59079|2595
59080|2596
59081|2597
59082|2598
59083|2599
59084|2600
59085|2601
59086|2602
59087|2603
59088|2604
59089|2605
59090|2606
59091|2607
59092|2608
59093|2609
59094|2610
59095|2611
59096|2612
59097|2613
59098|2614
59099|2615
59100|2616
59101|2617
59102|2618
59103|2619
59104|2620
59105|2621
59106|2622
59107|2623
59108|2624
59109|2625
59110|2626
59111|2627
59112|2628
59113|2629
59114|2630
59115|2631
59116|2632
59117|2633
59118|2634
59119|2635
59120|2636
59121|2637
59122|2638
59123|2639
59124|2640
59125|2641
59126|2642
59127|2643
59128|2644
59129|2645
59130|2646
59131|2647
59132|2648
59133|2649
59134|2650
59135|2651
59136|2652
59137|2653
59138|2654
59139|2655
59140|2656
59141|2657
59142|2658
59143|2659
59144|2660
59145|2661
59146|2662
59147|2663
59148|2664
59149|2665
59150|2666
59151|2667
59152|2668
59153|2669
59154|2670
59155|2671
59156|2672
59157|2673
59158|2674
59159|2675
59160|2676
59161|2677
59162|2678
59163|2679
59164|2680
59165|2681
59166|2682
59167|2683
59168|2684
59169|2685
59170|2686
59171|2687
59172|2688
59173|2689
59174|2690
59175|2691
59176|2692
59177|2693
59178|2694
59179|2695
59180|2696
59181|2697
59182|2698
59183|2699
59184|2700
59185|2701
59186|2702
59187|2703
59188|2704
59189|2705
59190|2706
59191|2707
59192|2708
59193|2709
59194|2710
59195|2711
59196|2712
59197|2713
59198|2714
59199|2715
59200|2716
59201|2717
59202|2718
59203|2719
59204|2720
59205|2721
59206|2722
59207|2723
59208|2724
59209|2725
59210|2726
59211|2727
59212|2728
59213|2729
59214|2730
59215|2731
59216|2732
59217|2733
59218|2734
59219|2735
59220|2736
59221|2737
59222|2738
59223|2739
59224|2740
59225|2741
59226|2742
59227|2743
59228|2744
59229|2745
59230|2746
59231|2747
59232|2748
59233|2749
59234|2750
59235|2751
59236|2752
59237|2753
59238|2754
59239|2755
59240|2756
59241|2757
59242|2758
59243|2759
59244|2760
59245|2761
59246|2762
59247|2763
59248|2764
59249|2765
59250|2766
59251|2767
59252|2768
59253|2769
59254|2770
59255|2771
59256|2772
59257|2773
59258|2774
59259|2775
59260|2776
59261|2777
59262|2778
59263|2779
59264|2780
59265|2781
59266|2782
59267|2783
59268|2784
59269|2785
59270|2786
59271|2787
59272|2788
59273|2789
59274|2790
59275|2791
59276|2792
59277|2793
59278|2794
59279|2795
59280|2796
59281|2797
59282|2798
59283|2799
59284|2800
59285|2801
59286|2802
59287|2803
59288|2804
59289|2805
59290|2806
59291|2807
59292|2808
59293|2809
59294|2810
59295|2811
59296|2812
59297|2813
59298|2814
59299|2815
59300|2816
59301|2817
59302|2818
59303|2819
59304|2820
59305|2821
59306|2822
59307|2823
59308|2824
59309|2825
59310|2826
59311|2827
59312|2828
59313|2829
59314|2830
59315|2831
59316|2832
59317|2833
59318|2834
59319|2835
59320|2836
59321|2837
59322|2838
59323|2839
59324|2840
59325|2841
59326|2842
59327|2843
59328|2844
59329|2845
59330|2846
59331|2847
59332|2848
59333|2849
59334|2850
59335|2851
59336|2852
59337|2853
59338|2854
59339|2855
59340|2856
59341|2857
59342|2858
59343|2859
59344|2860
59345|2861
59346|2862
59347|2863
59348|2864
59349|2865
59350|2866
59351|2867
59352|2868
59353|2869
59354|2870
59355|2871
59356|2872
59357|2873
59358|2874
59359|2875
59360|2876
59361|2877
59362|2878
59363|2879
59364|2880
59365|2881
59366|2882
59367|2883
59368|2884
59369|2885
59370|2886
59371|2887
59372|2888
59373|2889
59374|2890
59375|2891
59376|2892
59377|2893
59378|2894
59379|2895
59380|2896
59381|2897
59382|2898
59383|2899
59384|2900
59385|2901
59386|2902
59387|2903
59388|2904
59389|2905
59390|2906
59391|2907
59392|2908
59393|2909
59394|2910
59395|2911
59396|2912
59397|2913
59398|2914
59399|2915
59400|2916
59401|2917
59402|2918
59403|2919
59404|2920
59405|2921
59406|2922
59407|2923
59408|2924
59409|2925
59410|2926
59411|2927
59412|2928
59413|2929
59414|2930
59415|2931
59416|2932
59417|2933
59418|2934
59419|2935
59420|2936
59421|2937
59422|2938
59423|2939
59424|2940
59425|2941
59426|2942
59427|2943
59428|2944
59429|2945
59430|2946
59431|2947
59432|2948
59433|2949
59434|2950
59435|2951
59436|2952
59437|2953
59438|2954
59439|2955
59440|2956
59441|2957
59442|2958
59443|2959
59444|2960
59445|2961
59446|2962
59447|2963
59448|2964
59449|2965
59450|2966
59451|2967
59452|2968
59453|2969
59454|2970
59455|2971
59456|2972
59457|2973
59458|2974
59459|2975
59460|2976
59461|2977
59462|2978
59463|2979
59464|2980
59465|2981
59466|2982
59467|2983
59468|2984
59469|2985
59470|2986
59471|2987
59472|2988
59473|2989
59474|2990
59475|2991
59476|2992
59477|2993
59478|2994
59479|2995
59480|2996
59481|2997
59482|2998
59483|2999
59484|3000
59485|3001
59486|3002
59487|3003
59488|3004
59489|3005
59490|3006
59491|3007
59492|3008
59493|3009
59494|3010
59495|3011
59496|3012
59497|3013
59498|3014
59499|3015
59500|3016
59501|3017
59502|3018
59503|3019
59504|3020
59505|3021
59506|3022
59507|3023
59508|3024
59509|3025
59510|3026
59511|3027
59512|3028
59513|3029
59514|3030
59515|3031
59516|3032
59517|3033
59518|3034
59519|3035
59520|3036
59521|3037
59522|3038
59523|3039
59524|3040
59525|3041
59526|3042
59527|3043
59528|3044
59529|3045
59530|3046
59531|3047
59532|3048
59533|3049
59534|3050
59535|3051
59536|3052
59537|3053
59538|3054
59539|3055
59540|3056
59541|3057
59542|3058
59543|3059
59544|3060
59545|3061
59546|3062
59547|3063
59548|3064
59549|3065
59550|3066
59551|3067
59552|3068
59553|3069
59554|3070
59555|3071
59556|3072
59557|3073
59558|3074
59559|3075
59560|3076
59561|3077
59562|3078
59563|3079
59564|3080
59565|3081
59566|3082
59567|3083
59568|3084
59569|3085
59570|3086
59571|3087
59572|3088
59573|3089
59574|3090
59575|3091
59576|3092
59577|3093
59578|3094
59579|3095
59580|3096
59581|3097
59582|3098
59583|3099
59584|3100
59585|3101
59586|3102
59587|3103
59588|3104
59589|3105
59590|3106
59591|3107
59592|3108
59593|3109
59594|3110
59595|3111
59596|3112
59597|3113
59598|3114
59599|3115
59600|3116
59601|3117
59602|3118
59603|3119
59604|3120
59605|3121
59606|3122
59607|3123
59608|3124
59609|3125
59610|3126
59611|3127
59612|3128
59613|3129
59614|3130
59615|3131
59616|3132
59617|3133
59618|3134
59619|3135
59620|3136
59621|3137
59622|3138
59623|3139
59624|3140
59625|3141
59626|3142
59627|3143
59628|3144
59629|3145
59630|3146
59631|3147
59632|3148
59633|3149
59634|3150
59635|3151
59636|3152
59637|3153
59638|3154
59639|3155
59640|3156
59641|3157
59642|3158
59643|3159
59644|3160
59645|3161
59646|3162
59647|3163
59648|3164
59649|3165
59650|3166
59651|3167
59652|3168
59653|3169
59654|3170
59655|3171
59656|3172
59657|3173
59658|3174
59659|3175
59660|3176
59661|3177
59662|3178
59663|3179
59664|3180
59665|3181
59666|3182
59667|3183
59668|3184
59669|3185
59670|3186
59671|3187
59672|3188
59673|3189
59674|3190
59675|3191
59676|3192
59677|3193
59678|3194
59679|3195
59680|3196
59681|3197
59682|3198
59683|3199
59684|3200
59685|3201
59686|3202
59687|3203
59688|3204
59689|3205
59690|3206
59691|3207
59692|3208
59693|3209
59694|3210
59695|3211
59696|3212
59697|3213
59698|3214
59699|3215
59700|3216
59701|3217
59702|3218
59703|3219
59704|3220
59705|3221
59706|3222
59707|3223
59708|3224
59709|3225
59710|3226
59711|3227
59712|3228
59713|3229
59714|3230
59715|3231
59716|3232
59717|3233
59718|3234
59719|3235
59720|3236
59721|3237
59722|3238
59723|3239
59724|3240
59725|3241
59726|3242
59727|3243
59728|3244
59729|3245
59730|3246
59731|3247
59732|3248
59733|3249
59734|3250
59735|3251
59736|3252
59737|3253
59738|3254
59739|3255
59740|3256
59741|3257
59742|3258
59743|3259
59744|3260
59745|3261
59746|3262
59747|3263
59748|3264
59749|3265
59750|3266
59751|3267
59752|3268
59753|3269
59754|3270
59755|3271
59756|3272
59757|3273
59758|3274
59759|3275
59760|3276
59761|3277
59762|3278
59763|3279
59764|3280
59765|3281
59766|3282
59767|3283
59768|3284
59769|3285
59770|3286
59771|3287
59772|3288
59773|3289
59774|3290
59775|3291
59776|3292
59777|3293
59778|3294
59779|3295
59780|3296
59781|3297
59782|3298
59783|3299
59784|3300
59785|3301
59786|3302
59787|3303
59788|3304
59789|3305
59790|3306
59791|3307
59792|3308
59793|3309
59794|3310
59795|3311
59796|3312
59797|3313
59798|3314
59799|3315
59800|3316
59801|3317
59802|3318
59803|3319
59804|3320
59805|3321
59806|3322
59807|3323
59808|3324
59809|3325
59810|3326
59811|3327
59812|3328
59813|3329
59814|3330
59815|3331
59816|3332
59817|3333
59818|3334
59819|3335
59820|3336
59821|3337
59822|3338
59823|3339
59824|3340
59825|3341
59826|3342
59827|3343
59828|3344
59829|3345
59830|3346
59831|3347
59832|3348
59833|3349
59834|3350
59835|3351
59836|3352
59837|3353
59838|3354
59839|3355
59840|3356
59841|3357
59842|3358
59843|3359
59844|3360
59845|3361
59846|3362
59847|3363
59848|3364
59849|3365
59850|3366
59851|3367
59852|3368
59853|3369
59854|3370
59855|3371
59856|3372
59857|3373
59858|3374
59859|3375
59860|3376
59861|3377
59862|3378
59863|3379
59864|3380
59865|3381
59866|3382
59867|3383
59868|3384
59869|3385
59870|3386
59871|3387
59872|3388
59873|3389
59874|3390
59875|3391
59876|3392
59877|3393
59878|3394
59879|3395
59880|3396
59881|3397
59882|3398
59883|3399
59884|3400
59885|3401
59886|3402
59887|3403
59888|3404
59889|3405
59890|3406
59891|3407
59892|3408
59893|3409
59894|3410
59895|3411
59896|3412
59897|3413
59898|3414
59899|3415
59900|3416
59901|3417
59902|3418
59903|3419
59904|3420
59905|3421
59906|3422
59907|3423
59908|3424
59909|3425
59910|3426
59911|3427
59912|3428
59913|3429
59914|3430
59915|3431
59916|3432
59917|3433
59918|3434
59919|3435
59920|3436
59921|3437
59922|3438
59923|3439
59924|3440
59925|3441
59926|3442
59927|3443
59928|3444
59929|3445
59930|3446
59931|3447
59932|3448
59933|3449
59934|3450
59935|3451
59936|3452
59937|3453
59938|3454
59939|3455
59940|3456
59941|3457
59942|3458
59943|3459
59944|3460
59945|3461
59946|3462
59947|3463
59948|3464
59949|3465
59950|3466
59951|3467
59952|3468
59953|3469
59954|3470
59955|3471
59956|3472
59957|3473
59958|3474
59959|3475
59960|3476
59961|3477
59962|3478
59963|3479
59964|3480
59965|3481
59966|3482
59967|3483
59968|3484
59969|3485
59970|3486
59971|3487
59972|3488
59973|3489
59974|3490
59975|3491
59976|3492
59977|3493
59978|3494
59979|3495
59980|3496
59981|3497
59982|3498
59983|3499
59984|3500
59985|3501
59986|3502
59987|3503
59988|3504
59989|3505
59990|3506
59991|3507
59992|3508
59993|3509
59994|3510
59995|3511
59996|3512
59997|3513
59998|3514
59999|3515
60000|3516
60001|3517
60002|3518
60003|3519
60004|3520
60005|3521
60006|3522
60007|3523
60008|3524
60009|3525
60010|3526
60011|3527
60012|3528
60013|3529
60014|3530
60015|3531
60016|3532
60017|3533
60018|3534
60019|3535
60020|3536
60021|3537
60022|3538
60023|3539
60024|3540
60025|3541
60026|3542
60027|3543
60028|3544
60029|3545
60030|3546
60031|3547
60032|3548
60033|3549
60034|3550
60035|3551
60036|3552
60037|3553
60038|3554
60039|3555
60040|3556
60041|3557
60042|3558
60043|3559
60044|3560
60045|3561
60046|3562
60047|3563
60048|3564
60049|3565
60050|3566
60051|3567
60052|3568
60053|3569
60054|3570
60055|3571
60056|3572
60057|3573
60058|3574
60059|3575
60060|3576
60061|3577
60062|3578
60063|3579
60064|3580
60065|3581
60066|3582
60067|3583
60068|3584
60069|3585
60070|3586
60071|3587
60072|3588
60073|3589
60074|3590
60075|3591
60076|3592
60077|3593
60078|3594
60079|3595
60080|3596
60081|3597
60082|3598
60083|3599
60084|3600
60085|3601
60086|3602
60087|3603
60088|3604
60089|3605
60090|3606
60091|3607
60092|3608
60093|3609
60094|3610
60095|3611
60096|3612
60097|3613
60098|3614
60099|3615
60100|3616
60101|3617
60102|3618
60103|3619
60104|3620
60105|3621
60106|3622
60107|3623
60108|3624
60109|3625
60110|3626
60111|3627
60112|3628
60113|3629
60114|3630
60115|3631
60116|3632
60117|3633
60118|3634
60119|3635
60120|3636
60121|3637
60122|3638
60123|3639
60124|3640
60125|3641
60126|3642
60127|3643
60128|3644
60129|3645
60130|3646
60131|3647
60132|3648
60133|3649
60134|3650
60135|3651
60136|3652
60137|3653
60138|3654
60139|3655
60140|3656
60141|3657
60142|3658
60143|3659
60144|3660
60145|3661
60146|3662
60147|3663
60148|3664
60149|3665
60150|3666
60151|3667
60152|3668
60153|3669
60154|3670
60155|3671
60156|3672
60157|3673
60158|3674
60159|3675
60160|3676
60161|3677
60162|3678
60163|3679
60164|3680
60165|3681
60166|3682
60167|3683
60168|3684
60169|3685
60170|3686
60171|3687
60172|3688
60173|3689
60174|3690
60175|3691
60176|3692
60177|3693
60178|3694
60179|3695
60180|3696
60181|3697
60182|3698
60183|3699
60184|3700
60185|3701
60186|3702
60187|3703
60188|3704
60189|3705
60190|3706
60191|3707
60192|3708
60193|3709
60194|3710
60195|3711
60196|3712
60197|3713
60198|3714
60199|3715
60200|3716
60201|3717
60202|3718
60203|3719
60204|3720
60205|3721
60206|3722
60207|3723
60208|3724
60209|3725
60210|3726
60211|3727
60212|3728
60213|3729
60214|3730
60215|3731
60216|3732
60217|3733
60218|3734
60219|3735
60220|3736
60221|3737
60222|3738
60223|3739
60224|3740
60225|3741
60226|3742
60227|3743
60228|3744
60229|3745
60230|3746
60231|3747
60232|3748
60233|3749
60234|3750
60235|3751
60236|3752
60237|3753
60238|3754
60239|3755
60240|3756
60241|3757
60242|3758
60243|3759
60244|3760
60245|3761
60246|3762
60247|3763
60248|3764
60249|3765
60250|3766
60251|3767
60252|3768
60253|3769
60254|3770
60255|3771
60256|3772
60257|3773
60258|3774
60259|3775
60260|3776
60261|3777
60262|3778
60263|3779
60264|3780
60265|3781
60266|3782
60267|3783
60268|3784
60269|3785
60270|3786
60271|3787
60272|3788
60273|3789
60274|3790
60275|3791
60276|3792
60277|3793
60278|3794
60279|3795
60280|3796
60281|3797
60282|3798
60283|3799
60284|3800
60285|3801
60286|3802
60287|3803
60288|3804
60289|3805
60290|3806
60291|3807
60292|3808
60293|3809
60294|3810
60295|3811
60296|3812
60297|3813
60298|3814
60299|3815
60300|3816
60301|3817
60302|3818
60303|3819
60304|3820
60305|3821
60306|3822
60307|3823
60308|3824
60309|3825
60310|3826
60311|3827
60312|3828
60313|3829
60314|3830
60315|3831
60316|3832
60317|3833
60318|3834
60319|3835
60320|3836
60321|3837
60322|3838
60323|3839
60324|3840
60325|3841
60326|3842
60327|3843
60328|3844
60329|3845
60330|3846
60331|3847
60332|3848
60333|3849
60334|3850
60335|3851
60336|3852
60337|3853
60338|3854
60339|3855
60340|3856
60341|3857
60342|3858
60343|3859
60344|3860
60345|3861
60346|3862
60347|3863
60348|3864
60349|3865
60350|3866
60351|3867
60352|3868
60353|3869
60354|3870
60355|3871
60356|3872
60357|3873
60358|3874
60359|3875
60360|3876
60361|3877
60362|3878
60363|3879
60364|3880
60365|3881
60366|3882
60367|3883
60368|3884
60369|3885
60370|3886
60371|3887
60372|3888
60373|3889
60374|3890
60375|3891
60376|3892
60377|3893
60378|3894
60379|3895
60380|3896
60381|3897
60382|3898
60383|3899
60384|3900
60385|3901
60386|3902
60387|3903
60388|3904
60389|3905
60390|3906
60391|3907
60392|3908
60393|3909
60394|3910
60395|3911
60396|3912
60397|3913
60398|3914
60399|3915
60400|3916
60401|3917
60402|3918
60403|3919
60404|3920
60405|3921
60406|3922
60407|3923
60408|3924
60409|3925
60410|3926
60411|3927
60412|3928
60413|3929
60414|3930
60415|3931
60416|3932
60417|3933
60418|3934
60419|3935
60420|3936
60421|3937
60422|3938
60423|3939
60424|3940
60425|3941
60426|3942
60427|3943
60428|3944
60429|3945
60430|3946
60431|3947
60432|3948
60433|3949
60434|3950
60435|3951
60436|3952
60437|3953
60438|3954
60439|3955
60440|3956
60441|3957
60442|3958
60443|3959
60444|3960
60445|3961
60446|3962
60447|3963
60448|3964
60449|3965
60450|3966
60451|3967
60452|3968
60453|3969
60454|3970
60455|3971
60456|3972
60457|3973
60458|3974
60459|3975
60460|3976
60461|3977
60462|3978
60463|3979
60464|3980
60465|3981
60466|3982
60467|3983
60468|3984
60469|3985
60470|3986
60471|3987
60472|3988
60473|3989
60474|3990
60475|3991
60476|3992
60477|3993
60478|3994
60479|3995
60480|3996
60481|3997
60482|3998
60483|3999
60484|4000
60485|4001
60486|4002
60487|4003
60488|4004
60489|4005
60490|4006
60491|4007
60492|4008
60493|4009
60494|4010
60495|4011
60496|4012
60497|4013
60498|4014
60499|4015
60500|4016
60501|4017
60502|4018
60503|4019
60504|4020
60505|4021
60506|4022
60507|4023
60508|4024
60509|4025
60510|4026
60511|4027
60512|4028
60513|4029
60514|4030
60515|4031
60516|4032
60517|4033
60518|4034
60519|4035
60520|4036
60521|4037
60522|4038
60523|4039
60524|4040
60525|4041
60526|4042
60527|4043
60528|4044
60529|4045
60530|4046
60531|4047
60532|4048
60533|4049
60534|4050
60535|4051
60536|4052
60537|4053
60538|4054
60539|4055
60540|4056
60541|4057
60542|4058
60543|4059
60544|4060
60545|4061
60546|4062
60547|4063
60548|4064
60549|4065
60550|4066
60551|4067
60552|4068
60553|4069
60554|4070
60555|4071
60556|4072
60557|4073
60558|4074
60559|4075
60560|4076
60561|4077
60562|4078
60563|4079
60564|4080
60565|4081
60566|4082
60567|4083
60568|4084
60569|4085
60570|4086
60571|4087
60572|4088
60573|4089
60574|4090
60575|4091
60576|4092
60577|4093
60578|4094
60579|4095
60580|4096
60581|4097
60582|4098
60583|4099
60584|4100
60585|4101
60586|4102
60587|4103
60588|4104
60589|4105
60590|4106
60591|4107
60592|4108
60593|4109
60594|4110
60595|4111
60596|4112
60597|4113
60598|4114
60599|4115
60600|4116
60601|4117
60602|4118
60603|4119
60604|4120
60605|4121
60606|4122
60607|4123
60608|4124
60609|4125
60610|4126
60611|4127
60612|4128
60613|4129
60614|4130
60615|4131
60616|4132
60617|4133
60618|4134
60619|4135
60620|4136
60621|4137
60622|4138
60623|4139
60624|4140
60625|4141
60626|4142
60627|4143
60628|4144
60629|4145
60630|4146
60631|4147
60632|4148
60633|4149
60634|4150
60635|4151
60636|4152
60637|4153
60638|4154
60639|4155
60640|4156
60641|4157
60642|4158
60643|4159
60644|4160
60645|4161
60646|4162
60647|4163
60648|4164
60649|4165
60650|4166
60651|4167
60652|4168
60653|4169
60654|4170
60655|4171
60656|4172
60657|4173
60658|4174
60659|4175
60660|4176
60661|4177
60662|4178
60663|4179
60664|4180
60665|4181
60666|4182
60667|4183
60668|4184
60669|4185
60670|4186
60671|4187
60672|4188
60673|4189
60674|4190
60675|4191
60676|4192
60677|4193
60678|4194
60679|4195
60680|4196
60681|4197
60682|4198
60683|4199
60684|4200
60685|4201
60686|4202
60687|4203
60688|4204
60689|4205
60690|4206
60691|4207
60692|4208
60693|4209
60694|4210
60695|4211
60696|4212
60697|4213
60698|4214
60699|4215
60700|4216
60701|4217
60702|4218
60703|4219
60704|4220
60705|4221
60706|4222
60707|4223
60708|4224
60709|4225
60710|4226
60711|4227
60712|4228
60713|4229
60714|4230
60715|4231
60716|4232
60717|4233
60718|4234
60719|4235
60720|4236
60721|4237
60722|4238
60723|4239
60724|4240
60725|4241
60726|4242
60727|4243
60728|4244
60729|4245
60730|4246
60731|4247
60732|4248
60733|4249
60734|4250
60735|4251
60736|4252
60737|4253
60738|4254
60739|4255
60740|4256
60741|4257
60742|4258
60743|4259
60744|4260
60745|4261
60746|4262
60747|4263
60748|4264
60749|4265
60750|4266
60751|4267
60752|4268
60753|4269
60754|4270
60755|4271
60756|4272
60757|4273
60758|4274
60759|4275
60760|4276
60761|4277
60762|4278
60763|4279
60764|4280
60765|4281
60766|4282
60767|4283
60768|4284
60769|4285
60770|4286
60771|4287
60772|4288
60773|4289
60774|4290
60775|4291
60776|4292
60777|4293
60778|4294
60779|4295
60780|4296
60781|4297
60782|4298
60783|4299
60784|4300
60785|4301
60786|4302
60787|4303
60788|4304
60789|4305
60790|4306
60791|4307
60792|4308
60793|4309
60794|4310
60795|4311
60796|4312
60797|4313
60798|4314
60799|4315
60800|4316
60801|4317
60802|4318
60803|4319
60804|4320
60805|4321
60806|4322
60807|4323
60808|4324
60809|4325
60810|4326
60811|4327
60812|4328
60813|4329
60814|4330
60815|4331
60816|4332
60817|4333
60818|4334
60819|4335
60820|4336
60821|4337
60822|4338
60823|4339
60824|4340
60825|4341
60826|4342
60827|4343
60828|4344
60829|4345
60830|4346
60831|4347
60832|4348
60833|4349
60834|4350
60835|4351
60836|4352
60837|4353
60838|4354
60839|4355
60840|4356
60841|4357
60842|4358
60843|4359
60844|4360
60845|4361
60846|4362
60847|4363
60848|4364
60849|4365
60850|4366
60851|4367
60852|4368
60853|4369
60854|4370
60855|4371
60856|4372
60857|4373
60858|4374
60859|4375
60860|4376
60861|4377
60862|4378
60863|4379
60864|4380
60865|4381
60866|4382
60867|4383
60868|4384
60869|4385
60870|4386
60871|4387
60872|4388
60873|4389
60874|4390
60875|4391
60876|4392
60877|4393
60878|4394
60879|4395
60880|4396
60881|4397
60882|4398
60883|4399
60884|4400
60885|4401
60886|4402
60887|4403
60888|4404
60889|4405
60890|4406
60891|4407
60892|4408
60893|4409
60894|4410
60895|4411
60896|4412
60897|4413
60898|4414
60899|4415
60900|4416
60901|4417
60902|4418
60903|4419
60904|4420
60905|4421
60906|4422
60907|4423
60908|4424
60909|4425
60910|4426
60911|4427
60912|4428
60913|4429
60914|4430
60915|4431
60916|4432
60917|4433
60918|4434
60919|4435
60920|4436
60921|4437
60922|4438
60923|4439
60924|4440
60925|4441
60926|4442
60927|4443
60928|4444
60929|4445
60930|4446
60931|4447
60932|4448
60933|4449
60934|4450
60935|4451
60936|4452
60937|4453
60938|4454
60939|4455
60940|4456
60941|4457
60942|4458
60943|4459
60944|4460
60945|4461
60946|4462
60947|4463
60948|4464
60949|4465
60950|4466
60951|4467
60952|4468
60953|4469
60954|4470
60955|4471
60956|4472
60957|4473
60958|4474
60959|4475
60960|4476
60961|4477
60962|4478
60963|4479
60964|4480
60965|4481
60966|4482
60967|4483
60968|4484
60969|4485
60970|4486
60971|4487
60972|4488
60973|4489
60974|4490
60975|4491
60976|4492
60977|4493
60978|4494
60979|4495
60980|4496
60981|4497
60982|4498
60983|4499
60984|4500
60985|4501
60986|4502
60987|4503
60988|4504
60989|4505
60990|4506
60991|4507
60992|4508
60993|4509
60994|4510
60995|4511
60996|4512
60997|4513
60998|4514
60999|4515
61000|4516
61001|4517
61002|4518
61003|4519
61004|4520
61005|4521
61006|4522
61007|4523
61008|4524
61009|4525
61010|4526
61011|4527
61012|4528
61013|4529
61014|4530
61015|4531
61016|4532
61017|4533
61018|4534
61019|4535
61020|4536
61021|4537
61022|4538
61023|4539
61024|4540
61025|4541
61026|4542
61027|4543
61028|4544
61029|4545
61030|4546
61031|4547
61032|4548
61033|4549
61034|4550
61035|4551
61036|4552
61037|4553
61038|4554
61039|4555
61040|4556
61041|4557
61042|4558
61043|4559
61044|4560
61045|4561
61046|4562
61047|4563
61048|4564
61049|4565
61050|4566
61051|4567
61052|4568
61053|4569
61054|4570
61055|4571
61056|4572
61057|4573
61058|4574
61059|4575
61060|4576
61061|4577
61062|4578
61063|4579
61064|4580
61065|4581
61066|4582
61067|4583
61068|4584
61069|4585
61070|4586
61071|4587
61072|4588
61073|4589
61074|4590
61075|4591
61076|4592
61077|4593
61078|4594
61079|4595
61080|4596
61081|4597
61082|4598
61083|4599
61084|4600
61085|4601
61086|4602
61087|4603
61088|4604
61089|4605
61090|4606
61091|4607
61092|4608
61093|4609
61094|4610
61095|4611
61096|4612
61097|4613
61098|4614
61099|4615
61100|4616
61101|4617
61102|4618
61103|4619
61104|4620
61105|4621
61106|4622
61107|4623
61108|4624
61109|4625
61110|4626
61111|4627
61112|4628
61113|4629
61114|4630
61115|4631
61116|4632
61117|4633
61118|4634
61119|4635
61120|4636
61121|4637
61122|4638
61123|4639
61124|4640
61125|4641
61126|4642
61127|4643
61128|4644
61129|4645
61130|4646
61131|4647
61132|4648
61133|4649
61134|4650
61135|4651
61136|4652
61137|4653
61138|4654
61139|4655
61140|4656
61141|4657
61142|4658
61143|4659
61144|4660
61145|4661
61146|4662
61147|4663
61148|4664
61149|4665
61150|4666
61151|4667
61152|4668
61153|4669
61154|4670
61155|4671
61156|4672
61157|4673
61158|4674
61159|4675
61160|4676
61161|4677
61162|4678
61163|4679
61164|4680
61165|4681
61166|4682
61167|4683
61168|4684
61169|4685
61170|4686
61171|4687
61172|4688
61173|4689
61174|4690
61175|4691
61176|4692
61177|4693
61178|4694
61179|4695
61180|4696
61181|4697
61182|4698
61183|4699
61184|4700
61185|4701
61186|4702
61187|4703
61188|4704
61189|4705
61190|4706
61191|4707
61192|4708
61193|4709
61194|4710
61195|4711
61196|4712
61197|4713
61198|4714
61199|4715
61200|4716
61201|4717
61202|4718
61203|4719
61204|4720
61205|4721
61206|4722
61207|4723
61208|4724
61209|4725
61210|4726
61211|4727
61212|4728
61213|4729
61214|4730
61215|4731
61216|4732
61217|4733
61218|4734
61219|4735
61220|4736
61221|4737
61222|4738
61223|4739
61224|4740
61225|4741
61226|4742
61227|4743
61228|4744
61229|4745
61230|4746
61231|4747
61232|4748
61233|4749
61234|4750
61235|4751
61236|4752
61237|4753
61238|4754
61239|4755
61240|4756
61241|4757
61242|4758
61243|4759
61244|4760
61245|4761
61246|4762
61247|4763
61248|4764
61249|4765
61250|4766
61251|4767
61252|4768
61253|4769
61254|4770
61255|4771
61256|4772
61257|4773
61258|4774
61259|4775
61260|4776
61261|4777
61262|4778
61263|4779
61264|4780
61265|4781
61266|4782
61267|4783
61268|4784
61269|4785
61270|4786
61271|4787
61272|4788
61273|4789
61274|4790
61275|4791
61276|4792
61277|4793
61278|4794
61279|4795
61280|4796
61281|4797
61282|4798
61283|4799
61284|4800
61285|4801
61286|4802
61287|4803
61288|4804
61289|4805
61290|4806
61291|4807
61292|4808
61293|4809
61294|4810
61295|4811
61296|4812
61297|4813
61298|4814
61299|4815
61300|4816
61301|4817
61302|4818
61303|4819
61304|4820
61305|4821
61306|4822
61307|4823
61308|4824
61309|4825
61310|4826
61311|4827
61312|4828
61313|4829
61314|4830
61315|4831
61316|4832
61317|4833
61318|4834
61319|4835
61320|4836
61321|4837
61322|4838
61323|4839
61324|4840
61325|4841
61326|4842
61327|4843
61328|4844
61329|4845
61330|4846
61331|4847
61332|4848
61333|4849
61334|4850
61335|4851
61336|4852
61337|4853
61338|4854
61339|4855
61340|4856
61341|4857
61342|4858
61343|4859
61344|4860
61345|4861
61346|4862
61347|4863
61348|4864
61349|4865
61350|4866
61351|4867
61352|4868
61353|4869
61354|4870
61355|4871
61356|4872
61357|4873
61358|4874
61359|4875
61360|4876
61361|4877
61362|4878
61363|4879
61364|4880
61365|4881
61366|4882
61367|4883
61368|4884
61369|4885
61370|4886
61371|4887
61372|4888
61373|4889
61374|4890
61375|4891
61376|4892
61377|4893
61378|4894
61379|4895
61380|4896
61381|4897
61382|4898
61383|4899
61384|4900
61385|4901
61386|4902
61387|4903
61388|4904
61389|4905
61390|4906
61391|4907
61392|4908
61393|4909
61394|4910
61395|4911
61396|4912
61397|4913
61398|4914
61399|4915
61400|4916
61401|4917
61402|4918
61403|4919
61404|4920
61405|4921
61406|4922
61407|4923
61408|4924
61409|4925
61410|4926
61411|4927
61412|4928
61413|4929
61414|4930
61415|4931
61416|4932
61417|4933
61418|4934
61419|4935
61420|4936
61421|4937
61422|4938
61423|4939
61424|4940
61425|4941
61426|4942
61427|4943
61428|4944
61429|4945
61430|4946
61431|4947
61432|4948
61433|4949
61434|4950
61435|4951
61436|4952
61437|4953
61438|4954
61439|4955
61440|4956
61441|4957
61442|4958
61443|4959
61444|4960
61445|4961
61446|4962
61447|4963
61448|4964
61449|4965
61450|4966
61451|4967
61452|4968
61453|4969
61454|4970
61455|4971
61456|4972
61457|4973
61458|4974
61459|4975
61460|4976
61461|4977
61462|4978
61463|4979
61464|4980
61465|4981
61466|4982
61467|4983
61468|4984
61469|4985
61470|4986
61471|4987
61472|4988
61473|4989
61474|4990
61475|4991
61476|4992
61477|4993
61478|4994
61479|4995
61480|4996
61481|4997
61482|4998
61483|4999
61484|5000
61485|5001
61486|5002
61487|5003
61488|5004
61489|5005
61490|5006
61491|5007
61492|5008
61493|5009
61494|5010
61495|5011
61496|5012
61497|5013
61498|5014
61499|5015
61500|5016
61501|5017
61502|5018
61503|5019
61504|5020
61505|5021
61506|5022
61507|5023
61508|5024
61509|5025
61510|5026
61511|5027
61512|5028
61513|5029
61514|5030
61515|5031
61516|5032
61517|5033
61518|5034
61519|5035
61520|5036
61521|5037
61522|5038
61523|5039
61524|5040
61525|5041
61526|5042
61527|5043
61528|5044
61529|5045
61530|5046
61531|5047
61532|5048
61533|5049
61534|5050
61535|5051
61536|5052
61537|5053
61538|5054
61539|5055
61540|5056
61541|5057
61542|5058
61543|5059
61544|5060
61545|5061
61546|5062
61547|5063
61548|5064
61549|5065
61550|5066
61551|5067
61552|5068
61553|5069
61554|5070
61555|5071
61556|5072
61557|5073
61558|5074
61559|5075
61560|5076
61561|5077
61562|5078
61563|5079
61564|5080
61565|5081
61566|5082
61567|5083
61568|5084
61569|5085
61570|5086
61571|5087
61572|5088
61573|5089
61574|5090
61575|5091
61576|5092
61577|5093
61578|5094
61579|5095
61580|5096
61581|5097
61582|5098
61583|5099
61584|5100
61585|5101
61586|5102
61587|5103
61588|5104
61589|5105
61590|5106
61591|5107
61592|5108
61593|5109
61594|5110
61595|5111
61596|5112
61597|5113
61598|5114
61599|5115
61600|5116
61601|5117
61602|5118
61603|5119
61604|5120
61605|5121
61606|5122
61607|5123
61608|5124
61609|5125
61610|5126
61611|5127
61612|5128
61613|5129
61614|5130
61615|5131
61616|5132
61617|5133
61618|5134
61619|5135
61620|5136
61621|5137
61622|5138
61623|5139
61624|5140
61625|5141
61626|5142
61627|5143
61628|5144
61629|5145
61630|5146
61631|5147
61632|5148
61633|5149
61634|5150
61635|5151
61636|5152
61637|5153
61638|5154
61639|5155
61640|5156
61641|5157
61642|5158
61643|5159
61644|5160
61645|5161
61646|5162
61647|5163
61648|5164
61649|5165
61650|5166
61651|5167
61652|5168
61653|5169
61654|5170
61655|5171
61656|5172
61657|5173
61658|5174
61659|5175
61660|5176
61661|5177
61662|5178
61663|5179
61664|5180
61665|5181
61666|5182
61667|5183
61668|5184
61669|5185
61670|5186
61671|5187
61672|5188
61673|5189
61674|5190
61675|5191
61676|5192
61677|5193
61678|5194
61679|5195
61680|5196
61681|5197
61682|5198
61683|5199
61684|5200
61685|5201
61686|5202
61687|5203
61688|5204
61689|5205
61690|5206
61691|5207
61692|5208
61693|5209
61694|5210
61695|5211
61696|5212
61697|5213
61698|5214
61699|5215
61700|5216
61701|5217
61702|5218
61703|5219
61704|5220
61705|5221
61706|5222
61707|5223
61708|5224
61709|5225
61710|5226
61711|5227
61712|5228
61713|5229
61714|5230
61715|5231
61716|5232
61717|5233
61718|5234
61719|5235
61720|5236
61721|5237
61722|5238
61723|5239
61724|5240
61725|5241
61726|5242
61727|5243
61728|5244
61729|5245
61730|5246
61731|5247
61732|5248
61733|5249
61734|5250
61735|5251
61736|5252
61737|5253
61738|5254
61739|5255
61740|5256
61741|5257
61742|5258
61743|5259
61744|5260
61745|5261
61746|5262
61747|5263
61748|5264
61749|5265
61750|5266
61751|5267
61752|5268
61753|5269
61754|5270
61755|5271
61756|5272
61757|5273
61758|5274
61759|5275
61760|5276
61761|5277
61762|5278
61763|5279
61764|5280
61765|5281
61766|5282
61767|5283
61768|5284
61769|5285
61770|5286
61771|5287
61772|5288
61773|5289
61774|5290
61775|5291
61776|5292
61777|5293
61778|5294
61779|5295
61780|5296
61781|5297
61782|5298
61783|5299
61784|5300
61785|5301
61786|5302
61787|5303
61788|5304
61789|5305
61790|5306
61791|5307
61792|5308
61793|5309
61794|5310
61795|5311
61796|5312
61797|5313
61798|5314
61799|5315
61800|5316
61801|5317
61802|5318
61803|5319
61804|5320
61805|5321
61806|5322
61807|5323
61808|5324
61809|5325
61810|5326
61811|5327
61812|5328
61813|5329
61814|5330
61815|5331
61816|5332
61817|5333
61818|5334
61819|5335
61820|5336
61821|5337
61822|5338
61823|5339
61824|5340
61825|5341
61826|5342
61827|5343
61828|5344
61829|5345
61830|5346
61831|5347
61832|5348
61833|5349
61834|5350
61835|5351
61836|5352
61837|5353
61838|5354
61839|5355
61840|5356
61841|5357
61842|5358
61843|5359
61844|5360
61845|5361
61846|5362
61847|5363
61848|5364
61849|5365
61850|5366
61851|5367
61852|5368
61853|5369
61854|5370
61855|5371
61856|5372
61857|5373
61858|5374
61859|5375
61860|5376
61861|5377
61862|5378
61863|5379
61864|5380
61865|5381
61866|5382
61867|5383
61868|5384
61869|5385
61870|5386
61871|5387
61872|5388
61873|5389
61874|5390
61875|5391
61876|5392
61877|5393
61878|5394
61879|5395
61880|5396
61881|5397
61882|5398
61883|5399
61884|5400
61885|5401
61886|5402
61887|5403
61888|5404
61889|5405
61890|5406
61891|5407
61892|5408
61893|5409
61894|5410
61895|5411
61896|5412
61897|5413
61898|5414
61899|5415
61900|5416
61901|5417
61902|5418
61903|5419
61904|5420
61905|5421
61906|5422
61907|5423
61908|5424
61909|5425
61910|5426
61911|5427
61912|5428
61913|5429
61914|5430
61915|5431
61916|5432
61917|5433
61918|5434
61919|5435
61920|5436
61921|5437
61922|5438
61923|5439
61924|5440
61925|5441
61926|5442
61927|5443
61928|5444
61929|5445
61930|5446
61931|5447
61932|5448
61933|5449
61934|5450
61935|5451
61936|5452
61937|5453
61938|5454
61939|5455
61940|5456
61941|5457
61942|5458
61943|5459
61944|5460
61945|5461
61946|5462
61947|5463
61948|5464
61949|5465
61950|5466
61951|5467
61952|5468
61953|5469
61954|5470
61955|5471
61956|5472
61957|5473
61958|5474
61959|5475
61960|5476
61961|5477
61962|5478
61963|5479
61964|5480
61965|5481
61966|5482
61967|5483
61968|5484
61969|5485
61970|5486
61971|5487
61972|5488
61973|5489
61974|5490
61975|5491
61976|5492
61977|5493
61978|5494
61979|5495
61980|5496
61981|5497
61982|5498
61983|5499
61984|5500
61985|5501
61986|5502
61987|5503
61988|5504
61989|5505
61990|5506
61991|5507
61992|5508
61993|5509
61994|5510
61995|5511
61996|5512
61997|5513
61998|5514
61999|5515
62000|5516
62001|5517
62002|5518
62003|5519
62004|5520
62005|5521
62006|5522
62007|5523
62008|5524
62009|5525
62010|5526
62011|5527
62012|5528
62013|5529
62014|5530
62015|5531
62016|5532
62017|5533
62018|5534
62019|5535
62020|5536
62021|5537
62022|5538
62023|5539
62024|5540
62025|5541
62026|5542
62027|5543
62028|5544
62029|5545
62030|5546
62031|5547
62032|5548
62033|5549
62034|5550
62035|5551
62036|5552
62037|5553
62038|5554
62039|5555
62040|5556
62041|5557
62042|5558
62043|5559
62044|5560
62045|5561
62046|5562
62047|5563
62048|5564
62049|5565
62050|5566
62051|5567
62052|5568
62053|5569
62054|5570
62055|5571
62056|5572
62057|5573
62058|5574
62059|5575
62060|5576
62061|5577
62062|5578
62063|5579
62064|5580
62065|5581
62066|5582
62067|5583
62068|5584
62069|5585
62070|5586
62071|5587
62072|5588
62073|5589
62074|5590
62075|5591
62076|5592
62077|5593
62078|5594
62079|5595
62080|5596
62081|5597
62082|5598
62083|5599
62084|5600
62085|5601
62086|5602
62087|5603
62088|5604
62089|5605
62090|5606
62091|5607
62092|5608
62093|5609
62094|5610
62095|5611
62096|5612
62097|5613
62098|5614
62099|5615
62100|5616
62101|5617
62102|5618
62103|5619
62104|5620
62105|5621
62106|5622
62107|5623
62108|5624
62109|5625
62110|5626
62111|5627
62112|5628
62113|5629
62114|5630
62115|5631
62116|5632
62117|5633
62118|5634
62119|5635
62120|5636
62121|5637
62122|5638
62123|5639
62124|5640
62125|5641
62126|5642
62127|5643
62128|5644
62129|5645
62130|5646
62131|5647
62132|5648
62133|5649
62134|5650
62135|5651
62136|5652
62137|5653
62138|5654
62139|5655
62140|5656
62141|5657
62142|5658
62143|5659
62144|5660
62145|5661
62146|5662
62147|5663
62148|5664
62149|5665
62150|5666
62151|5667
62152|5668
62153|5669
62154|5670
62155|5671
62156|5672
62157|5673
62158|5674
62159|5675
62160|5676
62161|5677
62162|5678
62163|5679
62164|5680
62165|5681
62166|5682
62167|5683
62168|5684
62169|5685
62170|5686
62171|5687
62172|5688
62173|5689
62174|5690
62175|5691
62176|5692
62177|5693
62178|5694
62179|5695
62180|5696
62181|5697
62182|5698
62183|5699
62184|5700
62185|5701
62186|5702
62187|5703
62188|5704
62189|5705
62190|5706
62191|5707
62192|5708
62193|5709
62194|5710
62195|5711
62196|5712
62197|5713
62198|5714
62199|5715
62200|5716
62201|5717
62202|5718
62203|5719
62204|5720
62205|5721
62206|5722
62207|5723
62208|5724
62209|5725
62210|5726
62211|5727
62212|5728
62213|5729
62214|5730
62215|5731
62216|5732
62217|5733
62218|5734
62219|5735
62220|5736
62221|5737
62222|5738
62223|5739
62224|5740
62225|5741
62226|5742
62227|5743
62228|5744
62229|5745
62230|5746
62231|5747
62232|5748
62233|5749
62234|5750
62235|5751
62236|5752
62237|5753
62238|5754
62239|5755
62240|5756
62241|5757
62242|5758
62243|5759
62244|5760
62245|5761
62246|5762
62247|5763
62248|5764
62249|5765
62250|5766
62251|5767
62252|5768
62253|5769
62254|5770
62255|5771
62256|5772
62257|5773
62258|5774
62259|5775
62260|5776
62261|5777
62262|5778
62263|5779
62264|5780
62265|5781
62266|5782
62267|5783
62268|5784
62269|5785
62270|5786
62271|5787
62272|5788
62273|5789
62274|5790
62275|5791
62276|5792
62277|5793
62278|5794
62279|5795
62280|5796
62281|5797
62282|5798
62283|5799
62284|5800
62285|5801
62286|5802
62287|5803
62288|5804
62289|5805
62290|5806
62291|5807
62292|5808
62293|5809
62294|5810
62295|5811
62296|5812
62297|5813
62298|5814
62299|5815
62300|5816
62301|5817
62302|5818
62303|5819
62304|5820
62305|5821
62306|5822
62307|5823
62308|5824
62309|5825
62310|5826
62311|5827
62312|5828
62313|5829
62314|5830
62315|5831
62316|5832
62317|5833
62318|5834
62319|5835
62320|5836
62321|5837
62322|5838
62323|5839
62324|5840
62325|5841
62326|5842
62327|5843
62328|5844
62329|5845
62330|5846
62331|5847
62332|5848
62333|5849
62334|5850
62335|5851
62336|5852
62337|5853
62338|5854
62339|5855
62340|5856
62341|5857
62342|5858
62343|5859
62344|5860
62345|5861
62346|5862
62347|5863
62348|5864
62349|5865
62350|5866
62351|5867
62352|5868
62353|5869
62354|5870
62355|5871
62356|5872
62357|5873
62358|5874
62359|5875
62360|5876
62361|5877
62362|5878
62363|5879
62364|5880
62365|5881
62366|5882
62367|5883
62368|5884
62369|5885
62370|5886
62371|5887
62372|5888
62373|5889
62374|5890
62375|5891
62376|5892
62377|5893
62378|5894
62379|5895
62380|5896
62381|5897
62382|5898
62383|5899
62384|5900
62385|5901
62386|5902
62387|5903
62388|5904
62389|5905
62390|5906
62391|5907
62392|5908
62393|5909
62394|5910
62395|5911
62396|5912
62397|5913
62398|5914
62399|5915
62400|5916
62401|5917
62402|5918
62403|5919
62404|5920
62405|5921
62406|5922
62407|5923
62408|5924
62409|5925
62410|5926
62411|5927
62412|5928
62413|5929
62414|5930
62415|5931
62416|5932
62417|5933
62418|5934
62419|5935
62420|5936
62421|5937
62422|5938
62423|5939
62424|5940
62425|5941
62426|5942
62427|5943
62428|5944
62429|5945
62430|5946
62431|5947
62432|5948
62433|5949
62434|5950
62435|5951
62436|5952
62437|5953
62438|5954
62439|5955
62440|5956
62441|5957
62442|5958
62443|5959
62444|5960
62445|5961
62446|5962
62447|5963
62448|5964
62449|5965
62450|5966
62451|5967
62452|5968
62453|5969
62454|5970
62455|5971
62456|5972
62457|5973
62458|5974
62459|5975
62460|5976
62461|5977
62462|5978
62463|5979
62464|5980
62465|5981
62466|5982
62467|5983
62468|5984
62469|5985
62470|5986
62471|5987
62472|5988
62473|5989
62474|5990
62475|5991
62476|5992
62477|5993
62478|5994
62479|5995
62480|5996
62481|5997
62482|5998
62483|5999
62484|6000
62485|6001
62486|6002
62487|6003
62488|6004
62489|6005
62490|6006
62491|6007
62492|6008
62493|6009
62494|6010
62495|6011
62496|6012
62497|6013
62498|6014
62499|6015
62500|6016
62501|6017
62502|6018
62503|6019
62504|6020
62505|6021
62506|6022
62507|6023
62508|6024
62509|6025
62510|6026
62511|6027
62512|6028
62513|6029
62514|6030
62515|6031
62516|6032
62517|6033
62518|6034
62519|6035
62520|6036
62521|6037
62522|6038
62523|6039
62524|6040
62525|6041
62526|6042
62527|6043
62528|6044
62529|6045
62530|6046
62531|6047
62532|6048
62533|6049
62534|6050
62535|6051
62536|6052
62537|6053
62538|6054
62539|6055
62540|6056
62541|6057
62542|6058
62543|6059
62544|6060
62545|6061
62546|6062
62547|6063
62548|6064
62549|6065
62550|6066
62551|6067
62552|6068
62553|6069
62554|6070
62555|6071
62556|6072
62557|6073
62558|6074
62559|6075
62560|6076
62561|6077
62562|6078
62563|6079
62564|6080
62565|6081
62566|6082
62567|6083
62568|6084
62569|6085
62570|6086
62571|6087
62572|6088
62573|6089
62574|6090
62575|6091
62576|6092
62577|6093
62578|6094
62579|6095
62580|6096
62581|6097
62582|6098
62583|6099
62584|6100
62585|6101
62586|6102
62587|6103
62588|6104
62589|6105
62590|6106
62591|6107
62592|6108
62593|6109
62594|6110
62595|6111
62596|6112
62597|6113
62598|6114
62599|6115
62600|6116
62601|6117
62602|6118
62603|6119
62604|6120
62605|6121
62606|6122
62607|6123
62608|6124
62609|6125
62610|6126
62611|6127
62612|6128
62613|6129
62614|6130
62615|6131
62616|6132
62617|6133
62618|6134
62619|6135
62620|6136
62621|6137
62622|6138
62623|6139
62624|6140
62625|6141
62626|6142
62627|6143
62628|6144
62629|6145
62630|6146
62631|6147
62632|6148
62633|6149
62634|6150
62635|6151
62636|6152
62637|6153
62638|6154
62639|6155
62640|6156
62641|6157
62642|6158
62643|6159
62644|6160
62645|6161
62646|6162
62647|6163
62648|6164
62649|6165
62650|6166
62651|6167
62652|6168
62653|6169
62654|6170
62655|6171
62656|6172
62657|6173
62658|6174
62659|6175
62660|6176
62661|6177
62662|6178
62663|6179
62664|6180
62665|6181
62666|6182
62667|6183
62668|6184
62669|6185
62670|6186
62671|6187
62672|6188
62673|6189
62674|6190
62675|6191
62676|6192
62677|6193
62678|6194
62679|6195
62680|6196
62681|6197
62682|6198
62683|6199
62684|6200
62685|6201
62686|6202
62687|6203
62688|6204
62689|6205
62690|6206
62691|6207
62692|6208
62693|6209
62694|6210
62695|6211
62696|6212
62697|6213
62698|6214
62699|6215
62700|6216
62701|6217
62702|6218
62703|6219
62704|6220
62705|6221
62706|6222
62707|6223
62708|6224
62709|6225
62710|6226
62711|6227
62712|6228
62713|6229
62714|6230
62715|6231
62716|6232
62717|6233
62718|6234
62719|6235
62720|6236
62721|6237
62722|6238
62723|6239
62724|6240
62725|6241
62726|6242
62727|6243
62728|6244
62729|6245
62730|6246
62731|6247
62732|6248
62733|6249
62734|6250
62735|6251
62736|6252
62737|6253
62738|6254
62739|6255
62740|6256
62741|6257
62742|6258
62743|6259
62744|6260
62745|6261
62746|6262
62747|6263
62748|6264
62749|6265
62750|6266
62751|6267
62752|6268
62753|6269
62754|6270
62755|6271
62756|6272
62757|6273
62758|6274
62759|6275
62760|6276
62761|6277
62762|6278
62763|6279
62764|6280
62765|6281
62766|6282
62767|6283
62768|6284
62769|6285
62770|6286
62771|6287
62772|6288
62773|6289
62774|6290
62775|6291
62776|6292
62777|6293
62778|6294
62779|6295
62780|6296
62781|6297
62782|6298
62783|6299
62784|6300
62785|6301
62786|6302
62787|6303
62788|6304
62789|6305
62790|6306
62791|6307
62792|6308
62793|6309
62794|6310
62795|6311
62796|6312
62797|6313
62798|6314
62799|6315
62800|6316
62801|6317
62802|6318
62803|6319
62804|6320
62805|6321
62806|6322
62807|6323
62808|6324
62809|6325
62810|6326
62811|6327
62812|6328
62813|6329
62814|6330
62815|6331
62816|6332
62817|6333
62818|6334
62819|6335
62820|6336
62821|6337
62822|6338
62823|6339
62824|6340
62825|6341
62826|6342
62827|6343
62828|6344
62829|6345
62830|6346
62831|6347
62832|6348
62833|6349
62834|6350
62835|6351
62836|6352
62837|6353
62838|6354
62839|6355
62840|6356
62841|6357
62842|6358
62843|6359
62844|6360
62845|6361
62846|6362
62847|6363
62848|6364
62849|6365
62850|6366
62851|6367
62852|6368
62853|6369
62854|6370
62855|6371
62856|6372
62857|6373
62858|6374
62859|6375
62860|6376
62861|6377
62862|6378
62863|6379
62864|6380
62865|6381
62866|6382
62867|6383
62868|6384
62869|6385
62870|6386
62871|6387
62872|6388
62873|6389
62874|6390
62875|6391
62876|6392
62877|6393
62878|6394
62879|6395
62880|6396
62881|6397
62882|6398
62883|6399
62884|6400
62885|6401
62886|6402
62887|6403
62888|6404
62889|6405
62890|6406
62891|6407
62892|6408
62893|6409
62894|6410
62895|6411
62896|6412
62897|6413
62898|6414
62899|6415
62900|6416
62901|6417
62902|6418
62903|6419
62904|6420
62905|6421
62906|6422
62907|6423
62908|6424
62909|6425
62910|6426
62911|6427
62912|6428
62913|6429
62914|6430
62915|6431
62916|6432
62917|6433
62918|6434
62919|6435
62920|6436
62921|6437
62922|6438
62923|6439
62924|6440
62925|6441
62926|6442
62927|6443
62928|6444
62929|6445
62930|6446
62931|6447
62932|6448
62933|6449
62934|6450
62935|6451
62936|6452
62937|6453
62938|6454
62939|6455
62940|6456
62941|6457
62942|6458
62943|6459
62944|6460
62945|6461
62946|6462
62947|6463
62948|6464
62949|6465
62950|6466
62951|6467
62952|6468
62953|6469
62954|6470
62955|6471
62956|6472
62957|6473
62958|6474
62959|6475
62960|6476
62961|6477
62962|6478
62963|6479
62964|6480
62965|6481
62966|6482
62967|6483
62968|6484
62969|6485
62970|6486
62971|6487
62972|6488
62973|6489
62974|6490
62975|6491
62976|6492
62977|6493
62978|6494
62979|6495
62980|6496
62981|6497
62982|6498
62983|6499
62984|6500
62985|6501
62986|6502
62987|6503
62988|6504
62989|6505
62990|6506
62991|6507
62992|6508
62993|6509
62994|6510
62995|6511
62996|6512
62997|6513
62998|6514
62999|6515
63000|6516
63001|6517
63002|6518
63003|6519
63004|6520
63005|6521
63006|6522
63007|6523
63008|6524
63009|6525
63010|6526
63011|6527
63012|6528
63013|6529
63014|6530
63015|6531
63016|6532
63017|6533
63018|6534
63019|6535
63020|6536
63021|6537
63022|6538
63023|6539
63024|6540
63025|6541
63026|6542
63027|6543
63028|6544
63029|6545
63030|6546
63031|6547
63032|6548
63033|6549
63034|6550
63035|6551
63036|6552
63037|6553
63038|6554
63039|6555
63040|6556
63041|6557
63042|6558
63043|6559
63044|6560
63045|6561
63046|6562
63047|6563
63048|6564
63049|6565
63050|6566
63051|6567
63052|6568
63053|6569
63054|6570
63055|6571
63056|6572
63057|6573
63058|6574
63059|6575
63060|6576
63061|6577
63062|6578
63063|6579
63064|6580
63065|6581
63066|6582
63067|6583
63068|6584
63069|6585
63070|6586
63071|6587
63072|6588
63073|6589
63074|6590
63075|6591
63076|6592
63077|6593
63078|6594
63079|6595
63080|6596
63081|6597
63082|6598
63083|6599
63084|6600
63085|6601
63086|6602
63087|6603
63088|6604
63089|6605
63090|6606
63091|6607
63092|6608
63093|6609
63094|6610
63095|6611
63096|6612
63097|6613
63098|6614
63099|6615
63100|6616
63101|6617
63102|6618
63103|6619
63104|6620
63105|6621
63106|6622
63107|6623
63108|6624
63109|6625
63110|6626
63111|6627
63112|6628
63113|6629
63114|6630
63115|6631
63116|6632
63117|6633
63118|6634
63119|6635
63120|6636
63121|6637
63122|6638
63123|6639
63124|6640
63125|6641
63126|6642
63127|6643
63128|6644
63129|6645
63130|6646
63131|6647
63132|6648
63133|6649
63134|6650
63135|6651
63136|6652
63137|6653
63138|6654
63139|6655
63140|6656
63141|6657
63142|6658
63143|6659
63144|6660
63145|6661
63146|6662
63147|6663
63148|6664
63149|6665
63150|6666
63151|6667
63152|6668
63153|6669
63154|6670
63155|6671
63156|6672
63157|6673
63158|6674
63159|6675
63160|6676
63161|6677
63162|6678
63163|6679
63164|6680
63165|6681
63166|6682
63167|6683
63168|6684
63169|6685
63170|6686
63171|6687
63172|6688
63173|6689
63174|6690
63175|6691
63176|6692
63177|6693
63178|6694
63179|6695
63180|6696
63181|6697
63182|6698
63183|6699
63184|6700
63185|6701
63186|6702
63187|6703
63188|6704
63189|6705
63190|6706
63191|6707
63192|6708
63193|6709
63194|6710
63195|6711
63196|6712
63197|6713
63198|6714
63199|6715
63200|6716
63201|6717
63202|6718
63203|6719
63204|6720
63205|6721
63206|6722
63207|6723
63208|6724
63209|6725
63210|6726
63211|6727
63212|6728
63213|6729
63214|6730
63215|6731
63216|6732
63217|6733
63218|6734
63219|6735
63220|6736
63221|6737
63222|6738
63223|6739
63224|6740
63225|6741
63226|6742
63227|6743
63228|6744
63229|6745
63230|6746
63231|6747
63232|6748
63233|6749
63234|6750
63235|6751
63236|6752
63237|6753
63238|6754
63239|6755
63240|6756
63241|6757
63242|6758
63243|6759
63244|6760
63245|6761
63246|6762
63247|6763
63248|6764
63249|6765
63250|6766
63251|6767
63252|6768
63253|6769
63254|6770
63255|6771
63256|6772
63257|6773
63258|6774
63259|6775
63260|6776
63261|6777
63262|6778
63263|6779
63264|6780
63265|6781
63266|6782
63267|6783
63268|6784
63269|6785
63270|6786
63271|6787
63272|6788
63273|6789
63274|6790
63275|6791
63276|6792
63277|6793
63278|6794
63279|6795
63280|6796
63281|6797
63282|6798
63283|6799
63284|6800
63285|6801
63286|6802
63287|6803
63288|6804
63289|6805
63290|6806
63291|6807
63292|6808
63293|6809
63294|6810
63295|6811
63296|6812
63297|6813
63298|6814
63299|6815
63300|6816
63301|6817
63302|6818
63303|6819
63304|6820
63305|6821
63306|6822
63307|6823
63308|6824
63309|6825
63310|6826
63311|6827
63312|6828
63313|6829
63314|6830
63315|6831
63316|6832
63317|6833
63318|6834
63319|6835
63320|6836
63321|6837
63322|6838
63323|6839
63324|6840
63325|6841
63326|6842
63327|6843
63328|6844
63329|6845
63330|6846
63331|6847
63332|6848
63333|6849
63334|6850
63335|6851
63336|6852
63337|6853
63338|6854
63339|6855
63340|6856
63341|6857
63342|6858
63343|6859
63344|6860
63345|6861
63346|6862
63347|6863
63348|6864
63349|6865
63350|6866
63351|6867
63352|6868
63353|6869
63354|6870
63355|6871
63356|6872
63357|6873
63358|6874
63359|6875
63360|6876
63361|6877
63362|6878
63363|6879
63364|6880
63365|6881
63366|6882
63367|6883
63368|6884
63369|6885
63370|6886
63371|6887
63372|6888
63373|6889
63374|6890
63375|6891
63376|6892
63377|6893
63378|6894
63379|6895
63380|6896
63381|6897
63382|6898
63383|6899
63384|6900
63385|6901
63386|6902
63387|6903
63388|6904
63389|6905
63390|6906
63391|6907
63392|6908
63393|6909
63394|6910
63395|6911
63396|6912
63397|6913
63398|6914
63399|6915
63400|6916
63401|6917
63402|6918
63403|6919
63404|6920
63405|6921
63406|6922
63407|6923
63408|6924
63409|6925
63410|6926
63411|6927
63412|6928
63413|6929
63414|6930
63415|6931
63416|6932
63417|6933
63418|6934
63419|6935
63420|6936
63421|6937
63422|6938
63423|6939
63424|6940
63425|6941
63426|6942
63427|6943
63428|6944
63429|6945
63430|6946
63431|6947
63432|6948
63433|6949
63434|6950
63435|6951
63436|6952
63437|6953
63438|6954
63439|6955
63440|6956
63441|6957
63442|6958
63443|6959
63444|6960
63445|6961
63446|6962
63447|6963
63448|6964
63449|6965
63450|6966
63451|6967
63452|6968
63453|6969
63454|6970
63455|6971
63456|6972
63457|6973
63458|6974
63459|6975
63460|6976
63461|6977
63462|6978
63463|6979
63464|6980
63465|6981
63466|6982
63467|6983
63468|6984
63469|6985
63470|6986
63471|6987
63472|6988
63473|6989
63474|6990
63475|6991
63476|6992
63477|6993
63478|6994
63479|6995
63480|6996
63481|6997
63482|6998
63483|6999
63484|7000
63485|7001
63486|7002
63487|7003
63488|7004
63489|7005
63490|7006
63491|7007
63492|7008
63493|7009
63494|7010
63495|7011
63496|7012
63497|7013
63498|7014
63499|7015
63500|7016
63501|7017
63502|7018
63503|7019
63504|7020
63505|7021
63506|7022
63507|7023
63508|7024
63509|7025
63510|7026
63511|7027
63512|7028
63513|7029
63514|7030
63515|7031
63516|7032
63517|7033
63518|7034
63519|7035
63520|7036
63521|7037
63522|7038
63523|7039
63524|7040
63525|7041
63526|7042
63527|7043
63528|7044
63529|7045
63530|7046
63531|7047
63532|7048
63533|7049
63534|7050
63535|7051
63536|7052
63537|7053
63538|7054
63539|7055
63540|7056
63541|7057
63542|7058
63543|7059
63544|7060
63545|7061
63546|7062
63547|7063
63548|7064
63549|7065
63550|7066
63551|7067
63552|7068
63553|7069
63554|7070
63555|7071
63556|7072
63557|7073
63558|7074
63559|7075
63560|7076
63561|7077
63562|7078
63563|7079
63564|7080
63565|7081
63566|7082
63567|7083
63568|7084
63569|7085
63570|7086
63571|7087
63572|7088
63573|7089
63574|7090
63575|7091
63576|7092
63577|7093
63578|7094
63579|7095
63580|7096
63581|7097
63582|7098
63583|7099
63584|7100
63585|7101
63586|7102
63587|7103
63588|7104
63589|7105
63590|7106
63591|7107
63592|7108
63593|7109
63594|7110
63595|7111
63596|7112
63597|7113
63598|7114
63599|7115
63600|7116
63601|7117
63602|7118
63603|7119
63604|7120
63605|7121
63606|7122
63607|7123
63608|7124
63609|7125
63610|7126
63611|7127
63612|7128
63613|7129
63614|7130
63615|7131
63616|7132
63617|7133
63618|7134
63619|7135
63620|7136
63621|7137
63622|7138
63623|7139
63624|7140
63625|7141
63626|7142
63627|7143
63628|7144
63629|7145
63630|7146
63631|7147
63632|7148
63633|7149
63634|7150
63635|7151
63636|7152
63637|7153
63638|7154
63639|7155
63640|7156
63641|7157
63642|7158
63643|7159
63644|7160
63645|7161
63646|7162
63647|7163
63648|7164
63649|7165
63650|7166
63651|7167
63652|7168
63653|7169
63654|7170
63655|7171
63656|7172
63657|7173
63658|7174
63659|7175
63660|7176
63661|7177
63662|7178
63663|7179
63664|7180
63665|7181
63666|7182
63667|7183
63668|7184
63669|7185
63670|7186
63671|7187
63672|7188
63673|7189
63674|7190
63675|7191
63676|7192
63677|7193
63678|7194
63679|7195
63680|7196
63681|7197
63682|7198
63683|7199